# SPY daily closes (split/dividend adjusted), 2024-09-30 to 2026-09-28, 500 trading days.
# Source: Massive.com /v2/aggs daily aggregates. One close per trading day, oldest first.
573.76
568.62
568.86
567.82
572.98
567.80
573.17
577.14
576.13
579.58
584.32
579.78
582.30
582.35
584.59
583.63
583.32
577.99
579.24
579.04
580.83
581.77
580.01
568.64
571.04
569.81
576.70
591.04
595.61
598.19
598.76
596.90
597.19
593.35
585.75
588.15
590.30
590.50
593.67
595.51
597.53
600.65
598.83
602.55
603.63
603.91
607.66
606.66
607.81
604.68
602.80
607.46
604.33
604.21
606.79
604.29
586.28
586.10
591.15
594.69
601.30
601.34
595.01
588.22
586.08
584.64
591.95
595.36
588.63
589.49
580.49
581.39
582.19
592.78
591.64
597.58
603.05
606.44
609.75
607.97
599.37
604.52
601.81
605.04
601.82
597.77
601.78
604.22
606.32
600.77
604.85
605.31
603.36
609.73
609.70
611.49
612.93
610.38
599.94
597.21
594.24
594.54
585.05
594.18
583.77
576.86
583.06
572.71
575.92
560.58
555.92
558.87
551.42
562.81
567.15
561.02
567.13
565.49
563.98
574.08
575.46
568.59
567.08
555.66
559.39
560.97
564.52
536.70
505.28
504.38
496.48
548.62
524.58
533.94
539.12
537.61
525.66
526.41
513.88
527.25
535.42
546.69
550.64
550.85
554.32
554.54
558.47
566.76
563.51
558.80
561.15
565.06
564.34
582.99
586.84
587.59
590.46
594.20
594.85
592.85
582.86
583.09
579.11
591.15
587.73
590.05
589.39
592.71
596.09
595.93
593.05
599.14
599.68
603.08
601.36
603.75
597.00
602.68
597.53
597.44
594.28
600.15
606.78
607.12
611.87
614.91
617.85
617.65
620.45
625.34
620.68
620.34
624.06
625.82
623.62
624.81
622.14
624.22
628.04
627.58
628.77
628.86
634.21
634.42
637.10
636.94
635.26
634.46
632.08
621.72
631.17
627.97
632.78
632.25
637.18
635.92
642.69
644.89
644.95
643.44
643.30
639.81
638.11
635.55
645.31
642.47
645.16
646.63
648.92
645.05
640.27
643.74
649.12
647.24
648.83
650.33
652.21
657.63
657.41
660.91
660.00
659.18
662.26
663.70
666.84
663.21
661.10
658.05
661.82
663.68
666.18
668.45
669.22
669.21
671.61
669.12
673.11
671.16
653.02
663.04
662.23
665.17
660.64
664.39
671.30
671.29
667.80
671.76
677.25
685.24
687.06
687.39
679.83
682.06
683.34
675.24
677.58
670.31
670.97
681.44
683.00
683.38
672.04
671.93
665.67
660.08
662.63
652.53
659.03
668.73
675.02
679.68
683.39
680.27
681.53
683.89
684.39
685.69
683.63
683.04
687.57
689.17
681.76
680.73
678.87
671.40
676.47
680.59
684.83
687.96
690.38
690.31
687.85
687.01
681.92
683.17
687.72
691.81
689.58
689.51
694.07
695.16
693.77
690.36
692.24
691.66
677.58
685.40
688.98
689.23
692.73
695.49
695.42
694.04
691.97
695.41
689.53
686.19
677.62
690.62
693.95
692.12
691.96
681.27
681.75
682.85
686.29
684.48
689.43
682.39
687.35
693.15
689.30
685.99
686.38
680.33
685.13
681.31
672.38
678.27
677.18
676.33
666.06
662.29
669.03
670.79
661.43
659.80
648.57
655.38
653.18
656.82
645.09
634.09
631.97
650.34
655.24
655.83
658.93
659.22
676.01
679.91
679.46
686.10
694.46
699.94
701.66
710.14
708.72
704.08
711.21
708.45
713.94
715.17
711.69
711.58
718.66
720.65
718.01
723.77
733.83
731.58
737.62
739.30
738.18
742.31
748.17
739.17
738.65
733.73
741.25
742.72
745.64
750.59
750.46
754.60
756.48
758.54
759.57
754.24
757.09
737.55
739.22
737.05
725.43
737.76
741.75
754.83
750.33
740.96
746.74
744.39
733.58
733.24
734.30
728.99
741.00
746.77
745.76
744.78
751.28
747.71
745.40
751.71
754.95
749.17
751.83
754.81
750.72
743.29
742.09
748.28
747.41
738.18
738.93
739.09
740.86
729.46
741.69
747.03
757.67
771.33
769.79
768.56
773.26
773.03
770.56
772.49
777.88
776.34
772.67
767.45
769.06
762.60
765.72
763.47
765.91
766.08
771.10
769.35
767.05
761.78
765.16
773.17
770.19
765.96
762.40
757.83
764.29
760.88
757.39
754.05
762.60
761.69
773.50
773.38
767.81
767.18
771.35
765.61
